0.852765 0.623802 
0.335829 0.669414 
0.838275 0.915507 
0.12269 0.174132 
0.319852 0.837855 
0.296641 0.863852 
0.957174 0.185026 
0.648332 0.440954 
0.77877 0.422114 
0.329898 0.0135964 
0.85303 0.886558 
0.523054 0.575216 
0.698295 0.343068 
0.536903 0.60541 
0.971001 0.594786 
0.603371 0.295006 
0.0271529 0.560304 
0.375703 0.350166 
0.706348 0.991126 
0.27056 0.30778 
0.962917 0.889945 
0.432232 0.174046 
0.206627 0.966825 
0.176631 0.099369 
0.738165 0.214402 
0.263576 0.543918 
0.986828 0.0947907 
0.782972 0.241317 
0.593591 0.553275 
0.345601 0.0488851 
0.771335 0.528697 
0.992145 0.667629 
0.17422 0.563434 
0.0917599 0.260643 
0.973651 0.474869 
0.464234 0.149862 
0.173996 0.355232 
0.746975 0.914139 
0.414293 0.921099 
0.345189 0.694776 
0.547598 0.463874 
0.0391163 0.985564 
0.615581 0.330866 
0.584754 0.438932 
0.434679 0.441124 
0.994267 0.452487 
0.964327 0.537257 
0.501769 0.00781773 
0.702832 0.477614 
0.721345 0.187992 
0.920165 0.854905 
0.139709 0.785498 
0.452944 0.865742 
0.73508 0.495519 
0.738816 0.528404 
0.544353 0.845321 
0.229331 0.979188 
0.111425 0.317127 
0.448505 0.989481 
0.178875 0.520667 
0.947293 0.490531 
0.720201 0.275003 
0.351102 0.166278 
0.545727 0.929708 
0.849567 0.413774 
0.795571 0.269419 
0.818627 0.251639 
0.67923 0.00652095 
0.258719 0.207221 
0.283244 0.0966384 
0.953929 0.564649 
0.430773 0.780778 
0.143611 0.640122 
0.55895 0.953762 
0.446795 0.676891 
0.857335 0.326894 
0.342219 0.563202 
0.251074 0.237983 
0.519916 0.52333 
0.515633 0.843123 
0.076018 0.106855 
0.249876 0.994054 
0.462604 0.495721 
0.428855 0.113074 
0.671958 0.974122 
0.779325 0.637313 
0.615101 0.179215 
0.300637 0.214259 
0.677287 0.881368 
0.3493 0.75107 
0.864605 0.527905 
0.361276 0.720115 
0.339754 0.983956 
0.792185 0.80356 
0.640089 0.0515631 
0.194525 0.127271 
0.118894 0.696615 
0.485931 0.530838 
0.174373 0.630776 
0.634256 0.300553 
0.0914703 0.564526 
0.0592733 0.624128 
0.92774 0.000154797 
0.894121 0.406855 
0.821846 0.948337 
0.97032 0.830207 
0.498976 0.157362 
0.403003 0.43754 
0.172706 0.87586 
0.749883 0.763071 
0.444522 0.225385 
0.964759 0.331964 
0.515967 0.299578 
0.136089 0.670277 
0.633989 0.652829 
0.217462 0.451162 
0.795361 0.675527 
0.0416425 0.307687 
0.788055 0.875104 
0.442015 0.0569617 
0.854392 0.480931 
0.153593 0.904327 
0.485526 0.844962 
0.831601 0.852234 
0.860494 0.766214 
0.618684 0.211033 
0.558591 0.0277517 
0.245929 0.718843 
0.0830791 0.415566 
0.661949 0.668181 
0.520427 0.096845 
0.244065 0.326766 
0.973381 0.758139 
0.246253 0.444615 
0.243454 0.288579 
0.15753 0.807488 
0.224887 0.217815 
0.204702 0.0868389 
0.2648 0.7722 
0.265662 0.270262 
0.526508 0.635383 
0.190533 0.81671 
0.0568819 0.805931 
0.514286 0.448709 
0.808194 0.708948 
0.186619 0.744217 
0.948737 0.730508 
0.352771 0.475296 
0.503441 0.0359821 
0.997717 0.60926 
0.697947 0.37419 
0.823822 0.677407 
0.621433 0.113392 
0.00815948 0.744486 
0.142736 0.415481 
0.694298 0.562172 
0.00292935 0.773351 
0.815767 0.979698 
0.613349 0.621092 
0.416271 0.200578 
0.768902 0.824528 
0.089553 0.231092 
0.105501 0.0358483 
0.837738 0.302146 
0.241841 0.522489 
0.622454 0.860796 
0.025037 0.398688 
0.489478 0.313935 
0.9277 0.229608 
0.659301 0.264508 
0.532895 0.905228 
0.332838 0.228681 
0.89612 0.88029 
0.165186 0.288633 
0.561323 0.627369 
0.966916 0.700002 
0.476352 0.442462 
0.206689 0.874462 
0.296555 0.46814 
0.583224 0.167908 
0.50362 0.921545 
0.904523 0.201564 
0.98886 0.421542 
0.666037 0.353844 
0.68465 0.317697 
0.950992 0.378276 
0.16012 0.385396 
0.427 0.958259 
0.433978 0.142991 
0.31023 0.795709 
0.942891 0.0564023 
0.473339 0.395726 
0.317338 0.101615 
0.155127 0.752438 
0.109727 0.880537 
0.0802655 0.942595 
0.884504 0.619385 
0.580495 0.918293 
0.27582 0.615234 
0.987928 0.18382 
0.658752 0.546674 
0.65133 0.792637 
0.234554 0.555934 
0.97873 0.0658072 
0.81537 0.424187 
0.767222 0.692271 
0.246988 0.804624 
0.744287 0.39943 
0.873105 0.232535 
0.256091 0.0810335 
0.545413 0.394253 
0.672224 0.493174 
0.235491 0.872094 
0.519955 0.737086 
0.944656 0.765551 
0.657017 0.466975 
0.488548 0.277423 
0.261419 0.388197 
0.80801 0.639338 
0.136063 0.883805 
0.573119 0.054847 
0.492847 0.501909 
0.262098 0.828656 
0.70582 0.778906 
0.491053 0.716225 
0.688644 0.18226 
0.558134 0.335679 
0.421679 0.869796 
0.113633 0.797497 
0.78055 0.17035 
0.294406 0.28086 
0.332614 0.143391 
0.919748 0.741978 
0.347472 0.848546 
0.870271 0.297396 
0.145124 0.225565 
0.0418037 0.922382 
0.990354 0.800415 
0.586354 0.95665 
0.650814 0.133856 
0.921464 0.106654 
0.444435 0.746394 
0.733522 0.059279 
0.38972 0.597697 
0.235183 0.359811 
0.722171 0.748259 
0.163747 0.0751106 
0.799698 0.932094 
0.288289 0.440287 
0.360347 0.443593 
0.294032 0.761161 
0.627495 0.805704 
0.671841 0.578389 
0.795262 0.101236 
0.997234 0.854331 
0.841757 0.14491 
0.467046 0.653784 
0.65875 0.414808 
0.361509 0.881206 
0.29326 0.592924 
0.716417 0.932499 
0.385287 0.206673 
0.479183 0.687688 
0.931209 0.584422 
0.630208 0.153451 
0.495736 0.631972 
0.188898 0.463156 
0.451233 0.198499 
0.436835 0.282038 
0.463433 0.118237 
0.876344 0.34971 
0.680065 0.611385 
0.896862 0.318719 
0.755194 0.187657 
0.752456 0.237205 
0.0950601 0.759811 
0.780959 0.765738 
0.540924 0.975202 
0.382019 0.912692 
0.707404 0.127976 
0.280861 0.797239 
0.191647 0.160442 
0.733687 0.667437 
0.0897203 0.918645 
0.803791 0.0386476 
0.755637 0.973304 
0.065205 0.755328 
0.624775 0.918836 
0.437924 0.836403 
0.0187552 0.587482 
0.264106 0.855397 
0.264696 0.46757 
0.226718 0.0488314 
0.0592108 0.338244 
0.566337 0.14044 
0.787964 0.0697651 
0.8678 0.86128 
0.554019 0.555911 
0.0144372 0.0825492 
0.124053 0.278502 
0.880082 0.496667 
0.203823 0.195274 
0.906082 0.514573 
0.309485 0.16532 
0.140068 0.305462 
0.134921 0.339858 
0.915358 0.263623 
0.366697 0.826064 
0.842311 0.446358 
0.6434 0.381351 
0.561508 0.791324 
0.532724 0.353394 
0.832566 0.38936 
0.105247 0.359631 
0.591712 0.80875 
0.0706968 0.494557 
0.606813 0.936667 
0.901918 0.289806 
0.377739 0.104043 
0.508522 0.225048 
0.221249 0.0147525 
0.61018 0.742623 
0.629267 0.767107 
0.174296 0.222782 
0.842318 0.271904 
0.735094 0.597274 
0.511445 0.185194 
0.414631 0.0311374 
0.808335 0.15633 
0.565393 0.227614 
0.693462 0.95533 
0.761598 0.794975 
0.651372 0.326111 
0.748247 0.157713 
0.604297 0.500914 
0.13295 0.0799672 
0.257441 0.582795 
0.585737 0.614779 
0.0690197 0.835175 
0.137199 0.110391 
0.909259 0.344737 
0.844042 0.358442 
0.835217 0.731814 
0.12055 0.244553 
0.0613353 0.564286 
0.480349 0.584845 
0.949513 0.120963 
0.254955 0.418988 
0.193725 0.848303 
0.820921 0.877224 
0.811813 0.780946 
0.0266113 0.216327 
0.355488 0.416736 
0.349353 0.507926 
0.67877 0.036274 
0.705371 0.507447 
0.190024 0.993559 
0.758461 0.0802006 
0.474591 0.558445 
0.0403552 0.500093 
0.839804 0.030674 
0.355095 0.597395 
0.582665 0.523552 
0.402229 0.268971 
0.382263 0.525112 
0.0107968 0.975827 
0.704923 0.218965 
0.599898 0.236105 
0.53278 0.207452 
0.548675 0.434909 
0.0487788 0.0876552 
0.679505 0.92509 
0.214656 0.420331 
0.511493 0.552408 
0.582287 0.467703 
0.122781 0.75947 
0.891902 0.843924 
0.5747 0.988221 
0.613905 0.467929 
0.0257668 0.678437 
0.924234 0.182293 
0.0580663 0.683097 
0.0985243 0.149575 
0.0734021 0.0341008 
0.41607 0.617537 
0.417644 0.652985 
0.765404 0.111271 
0.900005 0.237993 
0.189712 0.945774 
0.206268 0.364891 
0.158348 0.0196463 
0.732585 0.100785 
0.764662 0.322539 
0.552527 0.529427 
0.324696 0.592392 
0.401365 0.980021 
0.372274 0.0746984 
0.937299 0.521244 
0.861267 0.593133 
0.595268 0.887478 
0.935686 0.321778 
0.232442 0.774803 
0.615163 0.586873 
0.548744 0.0742309 
0.36114 0.227639 
0.199301 0.0573 
0.584222 0.730004 
0.903109 0.0446684 
0.58284 0.69077 
0.317162 0.743084 
0.343212 0.0838256 
0.156129 0.990401 
0.0516952 0.952341 
0.651946 0.699545 
0.744479 0.999684 
0.897153 0.681022 
0.0842559 0.597277 
0.178997 0.711301 
0.122539 0.45195 
0.837392 0.175123 
0.406689 0.509535 
0.511318 0.981265 
0.163939 0.964266 
0.636501 0.724894 
0.0588719 0.367339 
0.039585 0.776004 
0.255649 0.0496178 
0.132642 0.143786 
0.569246 0.864367 
0.944355 0.417069 
0.734484 0.828 
0.897665 0.374465 
0.71263 0.158825 
0.14767 0.516765 
0.448666 0.0275512 
0.807659 0.190275 
0.288377 0.33854 
0.723563 0.428013 
0.933188 0.970589 
0.567649 0.258656 
0.265878 0.921736 
0.550678 0.747472 
0.397483 0.887758 
0.145556 0.726143 
0.540022 0.499363 
0.21792 0.808042 
0.549158 0.692558 
0.494185 0.36952 
0.716445 0.246089 
0.517718 0.704782 
0.975583 0.635056 
0.603465 0.653887 
0.680748 0.120471 
0.389571 0.729369 
0.293447 0.934462 
0.176545 0.412261 
0.441594 0.634942 
0.30796 0.246834 
0.830952 0.760242 
0.58839 0.114558 
0.404103 0.156382 
0.635521 0.488444 
0.990219 0.945914 
0.731132 0.858205 
0.641362 0.516997 
0.496376 0.127642 
0.220531 0.156109 
0.0882708 0.336805 
0.280003 0.240024 
0.256739 0.744448 
0.536813 0.24263 
0.741229 0.636676 
0.174559 0.594614 
0.381556 0.857511 
0.873518 0.816318 
0.454233 0.418509 
0.835259 0.648515 
0.819913 0.816427 
0.999195 0.698188 
0.918283 0.140232 
0.117807 0.518793 
0.776703 0.911833 
0.463407 0.824224 
0.338614 0.644739 
0.00986772 0.00710155 
0.781164 0.953984 
0.647424 0.0225244 
0.345474 0.323211 
0.316093 0.621147 
0.874346 0.201606 
0.0703855 0.164672 
0.00681845 0.30832 
0.453453 0.529247 
0.0855685 0.383976 
0.523542 0.673123 
0.64746 0.208031 
0.907128 0.912511 
0.357062 0.62653 
0.616536 0.533704 
0.163278 0.127472 
0.91483 0.486694 
0.29554 0.642903 
0.022266 0.894214 
0.785521 0.986371 
0.284696 0.0624795 
0.115406 0.589912 
0.918796 0.620782 
0.115119 0.209291 
0.418294 0.409513 
0.624291 0.682247 
0.817457 0.0683238 
0.392412 0.812929 
0.627049 0.082349 
0.753129 0.363957 
0.103883 0.0913409 
0.906192 0.715186 
0.893842 0.540257 
0.262364 0.501451 
0.104579 0.121811 
0.112285 0.425004 
0.845938 0.965367 
0.637099 0.959566 
0.0919335 0.468731 
0.602475 0.141445 
0.713422 0.0214301 
0.28501 0.727335 
0.467655 0.334911 
0.313882 0.0702319 
0.226556 0.695144 
0.779795 0.720251 
0.192978 0.0244213 
0.175626 0.189422 
0.0419858 0.115567 
0.205717 0.335209 
0.564837 0.372676 
0.674683 0.389892 
0.0818582 0.72595 
0.726737 0.565814 
0.8262 0.607662 
0.927678 0.672404 
0.538066 0.316166 
0.0916412 0.00438129 
0.0511023 0.592486 
0.0274664 0.250808 
0.88438 0.787719 
0.863504 0.0858314 
0.265856 0.885683 
0.961518 0.239442 
0.611336 0.032707 
0.25137 0.121487 
0.748583 0.942788 
0.840446 0.512008 
0.522485 0.416926 
0.569069 0.49305 
0.505074 0.339607 
0.0934964 0.290202 
0.982121 0.122778 
0.756262 0.471127 
0.472086 0.00937331 
0.684104 0.690428 
0.87334 0.0187073 
0.200159 0.236135 
0.0385316 0.743754 
0.982905 0.727361 
0.0481746 0.185875 
0.900638 0.970996 
0.408334 0.0595863 
0.982308 0.0148741 
0.736293 0.331732 
0.353055 0.196037 
0.209268 0.720505 
0.88832 0.941688 
0.112702 0.727455 
0.178853 0.437483 
0.46892 0.617976 
0.675749 0.777299 
0.425855 0.808633 
0.115045 0.549795 
0.633424 0.561471 
0.0898691 0.693319 
0.514066 0.0675728 
0.988229 0.56944 
0.343496 0.955217 
0.997791 0.54202 
0.289709 0.372146 
0.126598 0.829889 
0.53339 0.0414908 
0.596855 0.404377 
0.667247 0.294487 
0.589189 0.20238 
0.775256 0.291343 
0.618162 0.832076 
0.999784 0.239901 
0.173172 0.777092 
0.153335 0.696752 
0.664989 0.0666273 
0.303814 0.670615 
0.710874 0.719228 
0.0213366 0.945799 
0.615027 0.00310914 
0.40825 0.0871747 
0.772793 0.389626 
0.369096 0.942304 
0.810856 0.220949 
0.841462 0.205092 
0.387981 0.0125765 
0.92361 0.551765 
0.433883 0.500601 
0.470145 0.796592 
0.822797 0.333608 
0.0653168 0.0635582 
0.93959 0.91482 
0.400044 0.124249 
0.241718 0.613614 
0.0706272 0.304379 
0.705708 0.596127 
0.499235 0.81425 
0.652433 0.176847 
0.314406 0.039302 
0.834105 0.574024 
0.903959 0.649072 
0.601962 0.779978 
0.724779 0.892498 
0.683372 0.089199 
0.564483 0.823716 
0.998849 0.384791 
0.934643 0.801028 
0.93496 0.459724 
0.263071 0.35286 
0.359299 0.0157992 
0.377168 0.759272 
0.141113 0.483875 
0.291279 0.528638 
0.1504 0.545828 
0.85892 0.67647 
0.611212 0.974788 
0.873738 0.139687 
0.916859 0.431558 
0.978226 0.265342 
0.760166 0.611526 
0.809289 0.297052 
0.369557 0.290405 
0.646393 0.991867 
0.119688 0.918369 
0.59128 0.846531 
0.675823 0.721789 
0.19985 0.78081 
0.0287714 0.621104 
0.534661 0.121532 
0.586452 0.35176 
0.35933 0.539757 
0.323756 0.526118 
0.691074 0.27258 
0.808807 0.902966 
0.654936 0.750421 
0.384853 0.176592 
0.801312 0.397165 
0.756604 0.882471 
0.935651 0.294483 
0.533148 0.809321 
0.0951187 0.0652287 
0.374257 0.570555 
0.846829 0.999553 
0.257971 0.0208246 
0.250754 0.158729 
0.873905 0.0499313 
0.137818 0.368693 
0.698777 0.903624 
0.898037 0.161736 
0.0278965 0.337075 
0.328237 0.873674 
0.755458 0.558342 
0.269316 0.668585 
0.435334 0.897715 
0.767909 0.0464939 
0.676621 0.153753 
0.196116 0.683606 
0.859539 0.55832 
0.938415 0.83118 
0.0249559 0.802339 
0.0185113 0.187563 
0.238507 0.905191 
0.489898 0.0966039 
0.743252 0.0288994 
0.338546 0.809087 
0.752504 0.437111 
0.151833 0.451721 
0.77142 0.581965 
0.617083 0.437719 
0.844991 0.0606246 
0.970637 0.300194 
0.799089 0.842759 
0.406037 0.297287 
0.37629 0.31915 
0.814641 0.126232 
0.00146983 0.914548 
0.849372 0.830644 
0.27917 0.986637 
0.889385 0.569716 
0.943977 0.155324 
0.872254 0.651221 
0.689552 0.74812 
0.0434776 0.652705 
0.739858 0.705624 
0.842598 0.703915 
0.81328 0.0103023 
0.117056 0.39296 
0.960505 0.443492 
0.39668 0.700812 
0.214481 0.515219 
0.568214 0.293517 
0.529839 0.873413 
0.00555945 0.48698 
0.460895 0.257061 
0.030621 0.866773 
0.608083 0.706082 
0.890691 0.753225 
0.872004 0.977953 
0.16819 0.0469198 
0.381208 0.490982 
0.0549408 0.712796 
0.32133 0.426204 
0.0876554 0.630827 
0.643625 0.622315 
0.562183 0.893274 
0.222426 0.122776 
0.709241 0.814282 
0.0892768 0.520012 
0.597401 0.265269 
0.444373 0.0886452 
0.826869 0.541541 
0.754087 0.734058 
0.386151 0.460615 
0.0299257 0.0296138 
0.235037 0.482284 
0.463933 0.366501 
0.560376 0.195075 
0.116189 0.621951 
0.0542915 0.232218 
0.963241 0.0354294 
0.949387 0.613079 
0.504413 0.601613 
0.363638 0.38107 
0.019381 0.430038 
0.200628 0.613267 
0.0138388 0.119569 
0.207041 0.276366 
0.90165 0.593558 
0.630933 0.355122 
0.482738 0.239883 
0.777549 0.0154145 
0.0363301 0.836305 
0.697766 0.655984 
0.159789 0.159607 
0.230053 0.394071 
0.142691 0.855711 
0.529383 0.148363 
0.325372 0.716437 
0.712212 0.629559 
0.703014 0.86337 
0.483622 0.971813 
0.53463 0.771866 
0.133547 0.0494642 
0.422056 0.00132574 
0.125301 0.983602 
0.121823 0.951664 
0.541791 0.278511 
0.0787128 0.445153 
0.872752 0.458261 
0.584559 0.0163483 
0.781196 0.355564 
0.558304 0.586006 
0.320388 0.902249 
0.779602 0.13717 
0.0697959 0.980074 
0.876934 0.703889 
0.927907 0.0281282 
0.950175 0.21179 
0.386462 0.630595 
0.479163 0.936195 
0.377978 0.252721 
0.220013 0.748771 
0.675802 0.524043 
0.764137 0.851986 
0.876916 0.428338 
0.409729 0.356784 
0.690474 0.424174 
0.415958 0.47306 
0.455028 0.710557 
0.0533289 0.466872 
0.845234 0.23721 
0.335374 0.393516 
0.546164 0.170278 
0.482637 0.207532 
0.725007 0.458558 
0.400593 0.557722 
0.578512 0.659262 
0.16366 0.835941 
0.732708 0.790914 
0.140704 0.574898 
0.324966 0.27056 
0.96325 0.79411 
0.55897 0.103456 
0.351538 0.265913 
0.804873 0.517692 
0.35079 0.911265 
0.995802 0.335692 
0.475467 0.740227 
0.292182 0.49898 
0.467867 0.901899 
0.47401 0.177451 
0.37841 0.0452842 
0.50275 0.891269 
0.686315 0.452179 
0.0545843 0.398288 
0.812857 0.455169 
0.970091 0.921047 
0.324727 0.93292 
0.292244 0.898285 
0.168505 0.666228 
0.314025 0.557635 
0.723825 0.967795 
0.793982 0.326264 
0.310409 0.389293 
0.146076 0.193002 
0.478626 0.0485183 
0.517126 0.480689 
0.220107 0.306636 
0.348981 0.117405 
0.385043 0.410218 
0.0562775 0.898906 
0.266626 0.696747 
0.0798205 0.786801 
0.711987 0.308052 
0.957266 0.996245 
0.0784634 0.660774 
0.892048 0.0812446 
0.586149 0.580644 
0.0242496 0.713744 
0.625625 0.889017 
0.653242 0.833187 
0.588439 0.0853948 
0.604147 0.375091 
0.436172 0.386737 
0.570068 0.410244 
0.170262 0.48825 
0.0621044 0.1377 
0.869239 0.732606 
0.126483 0.0140971 
0.447612 0.596751 
0.538706 0.00560463 
0.412264 0.75146 
0.0339198 0.0577928 
0.494325 0.416648 
0.987723 0.213603 
0.218358 0.928698 
0.675876 0.208886 
0.00135814 0.279899 
0.637848 0.238794 
0.223843 0.638741 
0.725523 0.361442 
0.866448 0.384481 
0.456888 0.959596 
0.330104 0.30038 
0.147752 0.937848 
0.604732 0.0604333 
0.279339 0.16165 
0.189112 0.306852 
0.556002 0.718789 
0.111319 0.487953 
0.386395 0.659672 
0.550349 0.658659 
0.0233533 0.365407 
0.515454 0.949371 
0.43854 0.316502 
0.397738 0.948017 
0.922586 0.941542 
0.0942384 0.818798 
0.80083 0.74351 
0.577119 0.764001 
0.426033 0.720108 
0.628673 0.268689 
0.37148 0.979694 
0.483044 0.872729 
0.305837 0.128547 
0.422054 0.53781 
0.961504 0.669198 
0.330617 0.77457 
0.507589 0.786022 
0.397141 0.381133 
0.805518 0.575956 
0.228221 0.255592 
0.0345002 0.279793 
0.19854 0.652685 
0.287652 0.026323 
0.936436 0.355182 
0.00423541 0.154341 
0.876383 0.906593 
0.0327542 0.152912 
0.922556 0.392907 
0.461269 0.772383 
0.446694 0.928192 
0.231993 0.0909767 
0.419652 0.584141 
0.754074 0.265975 
0.68737 0.840493 
0.82922 0.0976984 
0.859624 0.936283 
0.200817 0.90193 
0.322151 0.490426 
0.305663 0.995889 
0.150558 0.258699 
0.497981 0.663787 
0.241904 0.946232 
0.41963 0.68507 
0.109456 0.657652 
0.942179 0.644315 
0.0929929 0.186088 
0.281872 0.190738 
0.855316 0.114612 
0.025272 0.46397 
0.782773 0.453587 
0.845509 0.79504 
0.300227 0.699112 
0.979931 0.977101 
0.708218 0.536941 
0.655504 0.939973 
0.277265 0.129596 
0.303042 0.313411 
0.738923 0.131347 
0.443065 0.562719 
0.973486 0.151534 
0.990685 0.880808 
0.194688 0.390015 
0.404174 0.231689 
0.0492005 0.431136 
0.670917 0.638737 
0.71264 0.686144 
0.429021 0.250788 
0.322742 0.192039 
0.65216 0.100682 
0.176915 0.920129 
0.676889 0.239991 
0.371761 0.141561 
0.294262 0.827702 
0.791966 0.550024 
0.0708439 0.20693 
0.920695 0.0751204 
0.287562 0.411653 
0.00101056 0.0458835 
0.485952 0.469664 
0.768239 0.500353 
0.307493 0.963601 
0.363806 0.789832 
0.146897 0.608058 
0.655301 0.863881 
0.892273 0.115774 
0.438078 0.351117 
0.40785 0.326814 
0.702149 0.0535164 
0.51822 0.382693 
0.227126 0.839932 
0.742155 0.297292 
0.234404 0.66878 
0.953205 0.0888001 
0.471864 0.0757644 
0.713141 0.39945 
0.653651 0.903245 
0.00835637 0.515321 
0.678399 0.810923 
0.934804 0.701241 
0.974766 0.50852 
0.513155 0.262461 
0.235235 0.18559 
0.824722 0.485467 
0.626207 0.406426 
0.180533 0.260324 
0.764956 0.66249 
0.285118 0.563807 
0.0364853 0.532095 
0.0083187 0.643493 
0.258604 0.641478 
0.449875 0.466132 
0.0663894 0.533386 
0.204188 0.572337 
0.900842 0.45933 
0.646531 0.592896 
0.979291 0.360884 
0.794457 0.485684 
0.463663 0.295887 
0.710805 0.0850139 
0.947091 0.267533 
0.201015 0.542033 
0.49682 0.760407 
0.268991 0.958085 
0.929842 0.883829 
0.810062 0.365017 
0.778682 0.208587 
0.326831 0.455491 
0.585517 0.319589 
0.00508791 0.827606 
0.0979006 0.969822 
0.0546916 0.0122893 
0.794526 0.606556 
0.0628821 0.864242 
0.957298 0.859201 
0.875142 0.265834 
0.87011 0.172716 
0.165298 0.327442 
0.203985 0.488774 
0.40698 0.841791 
0.970923 0.399645 
0.0832885 0.887958 
0.343286 0.356574 
0.897137 0.00470861 
0.318027 0.347617 
0.956683 0.95132 
0.9065 0.814678 
0.371562 0.679998 
0.0616636 0.265079 
0.0996416 0.851777 
0.224484 0.59071 
0.398 0.782314 
0.914559 0.776576